0.821367 0.000010 0.000010 0.178613
0.791484 0.000010 0.000010 0.208496
0.928132 0.000010 0.002388 0.069470
0.911014 0.000010 0.000010 0.088966
0.920357 0.018974 0.060659 0.000010
0.999970 0.000010 0.000010 0.000010
0.997064 0.002916 0.000010 0.000010
0.905735 0.008604 0.068833 0.016828
0.987035 0.000010 0.000010 0.012945
0.999970 0.000010 0.000010 0.000010
0.999970 0.000010 0.000010 0.000010
0.740585 0.023342 0.000010 0.236063
0.962109 0.006082 0.000010 0.031799
0.841392 0.000010 0.000010 0.158588
0.974898 0.000010 0.000010 0.025082
0.803374 0.018669 0.094106 0.083851
0.972944 0.000010 0.000010 0.027036
0.999970 0.000010 0.000010 0.000010
0.999970 0.000010 0.000010 0.000010
0.981706 0.000010 0.000010 0.018274
0.970831 0.000010 0.000010 0.029149
0.999970 0.000010 0.000010 0.000010
0.999970 0.000010 0.000010 0.000010
0.873031 0.000010 0.003676 0.123283
0.999970 0.000010 0.000010 0.000010
0.999970 0.000010 0.000010 0.000010
0.999970 0.000010 0.000010 0.000010
0.966144 0.000010 0.000010 0.033836
0.985928 0.000010 0.000010 0.014052
0.928273 0.019007 0.052709 0.000010
0.923597 0.000010 0.016334 0.060059
0.983599 0.011950 0.004441 0.000010
0.967915 0.009921 0.022154 0.000010
0.978607 0.021373 0.000010 0.000010
0.999970 0.000010 0.000010 0.000010
0.874155 0.000010 0.051177 0.074658
0.999970 0.000010 0.000010 0.000010
0.988092 0.000010 0.000010 0.011888
0.960668 0.000010 0.000010 0.039312
0.767763 0.000010 0.000010 0.232217
0.991202 0.000010 0.008778 0.000010
0.935689 0.000010 0.000010 0.064291
0.819862 0.000010 0.000010 0.180118
0.987711 0.000010 0.000010 0.012269
0.988809 0.000010 0.000010 0.011171
0.999970 0.000010 0.000010 0.000010
0.997512 0.000488 0.001990 0.000010
0.950961 0.016045 0.032984 0.000010
0.991946 0.000010 0.000010 0.008034
0.949026 0.000011 0.000010 0.050953
0.817529 0.012751 0.058209 0.111510
0.990912 0.000010 0.009068 0.000010
0.986071 0.000010 0.000010 0.013909
0.950360 0.000010 0.000010 0.049620
0.999970 0.000010 0.000010 0.000010
0.999970 0.000010 0.000010 0.000010
0.840423 0.000010 0.000010 0.159557
0.746907 0.000010 0.000010 0.253073
0.855228 0.000010 0.000010 0.144752
0.923485 0.000010 0.000010 0.076495
0.901457 0.005966 0.075130 0.017447
0.857557 0.007602 0.116188 0.018654
0.975907 0.000010 0.000010 0.024073
0.999970 0.000010 0.000010 0.000010
0.999797 0.000183 0.000010 0.000010
0.919488 0.000010 0.000010 0.080492
0.983834 0.000010 0.016146 0.000010
0.974971 0.000010 0.000010 0.025009
0.957329 0.000010 0.000010 0.042651
0.963310 0.000010 0.000010 0.036670
0.945369 0.000010 0.054611 0.000010
0.999970 0.000010 0.000010 0.000010
0.972889 0.000010 0.000010 0.027091
0.933826 0.000010 0.058478 0.007687
0.999100 0.000010 0.000880 0.000010
0.971203 0.000010 0.000010 0.028777
0.931524 0.000010 0.000010 0.068456
0.999970 0.000010 0.000010 0.000010
0.960563 0.000010 0.000010 0.039417
0.978801 0.007701 0.000010 0.013489
0.907803 0.000010 0.063964 0.028223
0.988421 0.000010 0.000010 0.011559
0.908420 0.000010 0.000010 0.091560
0.809572 0.000010 0.000010 0.190408
0.916978 0.000010 0.083002 0.000010
0.914240 0.000010 0.046580 0.039170
0.992149 0.000010 0.000010 0.007831
0.955543 0.000010 0.044437 0.000010
0.990359 0.000010 0.009621 0.000010
0.734903 0.000010 0.008981 0.256106
0.999970 0.000010 0.000010 0.000010
0.956706 0.000010 0.043274 0.000010
0.838772 0.000010 0.000010 0.161208
0.950060 0.000010 0.000010 0.049920
0.963522 0.013756 0.022712 0.000010
0.000010 0.000010 0.001582 0.998398
0.000010 0.000010 0.000010 0.999970
0.022775 0.003926 0.010099 0.963200
0.000010 0.022529 0.002021 0.975441
0.015636 0.003391 0.004642 0.976331
0.000010 0.006708 0.003578 0.989704
0.000433 0.000010 0.000010 0.999547
0.005004 0.011562 0.005314 0.978119
0.008166 0.010345 0.001577 0.979911
0.012169 0.001201 0.003079 0.983551
0.002487 0.017381 0.002930 0.977201
0.000010 0.000010 0.000010 0.999970
0.011430 0.001891 0.000010 0.986669
0.000010 0.000010 0.000010 0.999970
0.000010 0.000010 0.000010 0.999970
0.018697 0.000010 0.006018 0.975275
0.001145 0.006321 0.005659 0.986874
0.000682 0.033016 0.001285 0.965017
0.035970 0.041859 0.000010 0.922161
0.000010 0.037402 0.000010 0.962578
0.000010 0.000010 0.000010 0.999970
0.000018 0.000010 0.000010 0.999962
0.000010 0.019457 0.001430 0.979103
0.000010 0.000010 0.000010 0.999970
0.000010 0.010443 0.000010 0.989537
0.000525 0.007760 0.006125 0.985591
0.003264 0.013264 0.001566 0.981907
0.024834 0.019741 0.002781 0.952644
0.004853 0.031012 0.000212 0.963923
0.003313 0.008523 0.022363 0.965801
0.001589 0.036897 0.000010 0.961504
0.000010 0.016387 0.000010 0.983593
0.025124 0.021533 0.010648 0.942694
0.018499 0.018707 0.003520 0.959274
0.014386 0.014160 0.005107 0.966348
0.005680 0.012227 0.000010 0.982083
0.000010 0.006087 0.000010 0.993893
0.020598 0.020088 0.003286 0.956028
0.000010 0.000010 0.000010 0.999970
0.000010 0.000010 0.000010 0.999970
0.009994 0.015121 0.011828 0.963057
0.005314 0.013534 0.000010 0.981142
0.000010 0.000010 0.000010 0.999970
0.024835 0.000010 0.000252 0.974903
0.003031 0.000010 0.009236 0.987723
0.000010 0.000010 0.007745 0.992235
0.013246 0.038068 0.003084 0.945602
0.007509 0.033941 0.001079 0.957471
0.005787 0.033671 0.001944 0.958598
0.032742 0.049414 0.001538 0.916307
0.009099 0.045308 0.002291 0.943302
0.037732 0.036325 0.016702 0.909241
0.027599 0.029672 0.047523 0.895206
0.014022 0.030638 0.003231 0.952109
0.015453 0.000360 0.000010 0.984176
0.000010 0.013739 0.000010 0.986241
0.006606 0.021905 0.004929 0.966560
0.003356 0.000010 0.000010 0.996624
0.000010 0.007706 0.000010 0.992274
0.000010 0.000010 0.000010 0.999970
0.000010 0.000010 0.000010 0.999970
0.013056 0.029709 0.013228 0.944008
0.007513 0.017011 0.000010 0.975465
0.011886 0.025000 0.006617 0.956497
0.048350 0.030664 0.002255 0.918731
0.000010 0.004819 0.006120 0.989051
0.010709 0.025579 0.004509 0.959203
0.000010 0.000010 0.001934 0.998046
0.000010 0.003885 0.001687 0.994418
0.032278 0.015941 0.008281 0.943500
0.012458 0.007009 0.018221 0.962311
0.017284 0.009910 0.003416 0.969391
0.000010 0.000010 0.000010 0.999970
0.000010 0.000010 0.011281 0.988699
0.000985 0.000010 0.008612 0.990393
0.018716 0.000562 0.013236 0.967486
0.011286 0.005525 0.004424 0.978766
0.007551 0.000010 0.000010 0.992429
0.035542 0.041527 0.002549 0.920382
0.032813 0.034213 0.000010 0.932963
0.003815 0.000519 0.000010 0.995656
0.000010 0.008423 0.009802 0.981765
0.000010 0.000010 0.000010 0.999970
0.000010 0.000010 0.055295 0.944685
0.000010 0.012659 0.000010 0.987321
0.006181 0.025163 0.000010 0.968646
0.000010 0.024703 0.000010 0.975277
0.000010 0.006351 0.000010 0.993629
0.032153 0.029592 0.006092 0.932163
0.006424 0.000010 0.015525 0.978041
0.016725 0.002118 0.004846 0.976310
0.000010 0.000010 0.008553 0.991427
0.008581 0.003388 0.001293 0.986738
0.015164 0.000010 0.000914 0.983912
0.026574 0.028788 0.023905 0.920733
0.005542 0.017232 0.002990 0.974236
0.000010 0.000010 0.003191 0.996789
0.008435 0.000010 0.005883 0.985672
0.010150 0.012657 0.000010 0.977183
0.000010 0.000010 0.000010 0.999970
0.047542 0.060097 0.000781 0.891581
0.000010 0.007141 0.003291 0.989558
0.005285 0.008295 0.000010 0.986410
0.000010 0.000010 0.000010 0.999970
0.002262 0.000010 0.000010 0.997718
0.010458 0.004635 0.003776 0.981132
0.000010 0.000010 0.000010 0.999970
0.011091 0.020438 0.013265 0.955205
0.028739 0.007133 0.033876 0.930251
0.005400 0.026686 0.006748 0.961166
0.009315 0.008781 0.007258 0.974646
0.000010 0.002223 0.000010 0.997757
0.000010 0.000010 0.000010 0.999970
0.000773 0.011798 0.007770 0.979659
0.000010 0.000010 0.000010 0.999970
0.045544 0.024090 0.005364 0.925002
0.047006 0.012127 0.005982 0.934885
0.000010 0.006750 0.003731 0.989509
0.008983 0.023894 0.003032 0.964091
0.000010 0.000010 0.000010 0.999970
0.011256 0.000010 0.000576 0.988158
0.004264 0.017835 0.003669 0.974232
0.000010 0.000010 0.000010 0.999970
0.005910 0.000010 0.000010 0.994070
0.000010 0.000010 0.000940 0.999040
0.000010 0.000010 0.000010 0.999970
0.030929 0.034282 0.000010 0.934778
0.052481 0.039431 0.000010 0.908079
0.004080 0.020875 0.000010 0.975035
0.013413 0.018099 0.003980 0.964508
0.000010 0.000010 0.000010 0.999970
0.013164 0.034686 0.002827 0.949323
0.003995 0.000010 0.000010 0.995985
0.006187 0.008878 0.011133 0.973802
0.015621 0.000010 0.003065 0.981304
0.003681 0.000010 0.001558 0.994751
0.000455 0.000010 0.017321 0.982214
0.036244 0.027778 0.006361 0.929617
0.053153 0.025852 0.001788 0.919207
0.000010 0.003040 0.000010 0.996940
0.031255 0.022942 0.002130 0.943672
0.000010 0.000010 0.000010 0.999970
0.018323 0.005404 0.000010 0.976263
0.020952 0.000770 0.000010 0.978268
0.000010 0.000010 0.000010 0.999970
0.002203 0.000010 0.000010 0.997777
0.022782 0.011317 0.001815 0.964086
0.000010 0.000010 0.000010 0.999970
0.024735 0.024987 0.005534 0.944744
0.020291 0.006248 0.008799 0.964661
0.008094 0.002016 0.000576 0.989314
0.000010 0.000010 0.000010 0.999970
0.004787 0.000010 0.000010 0.995193
0.000010 0.020688 0.002888 0.976413
0.000010 0.000010 0.000010 0.999970
0.000010 0.006129 0.022337 0.971525
0.000010 0.007788 0.034333 0.957869
0.011020 0.000010 0.001762 0.987209
0.000821 0.000010 0.000215 0.998953
0.001387 0.000010 0.000010 0.998593
0.006511 0.008270 0.001064 0.984155
0.000010 0.002024 0.005297 0.992670
0.000010 0.000010 0.000010 0.999970
0.020178 0.032718 0.011089 0.936015
0.051723 0.028028 0.005771 0.914478
0.003656 0.005872 0.000191 0.990281
0.006917 0.010218 0.000010 0.982855
0.000010 0.000010 0.000010 0.999970
0.000010 0.008705 0.002395 0.988890
0.000010 0.012235 0.002750 0.985005
0.000010 0.000010 0.000010 0.999970
0.000010 0.000010 0.000010 0.999970
0.037917 0.011621 0.000010 0.950452
0.000010 0.000010 0.000010 0.999970
0.031926 0.007299 0.008754 0.952020
0.031882 0.011142 0.017865 0.939111
0.000010 0.000010 0.000010 0.999970
0.006922 0.000010 0.005819 0.987249
0.000010 0.002174 0.003278 0.994538
0.000010 0.000010 0.000010 0.999970
0.009729 0.004238 0.005786 0.980247
0.000010 0.008237 0.004206 0.987547
0.014594 0.023298 0.000010 0.962098
0.002678 0.017086 0.001166 0.979071
0.000010 0.000010 0.000010 0.999970
0.000010 0.000010 0.000010 0.999970
0.019263 0.004151 0.007450 0.969135
0.000010 0.000010 0.000010 0.999970
0.050267 0.030412 0.005357 0.913964
0.004235 0.031833 0.018655 0.945276
0.000010 0.017378 0.003950 0.978662
0.000010 0.002262 0.052725 0.945003
0.000010 0.000010 0.000010 0.999970
0.037335 0.030091 0.004520 0.928053
0.010531 0.002151 0.000010 0.987309
0.027544 0.033480 0.014450 0.924526
0.010427 0.000010 0.003577 0.985986
0.012838 0.028013 0.000010 0.959139
0.000010 0.008216 0.000010 0.991764
0.003212 0.000010 0.000010 0.996768
0.028591 0.021795 0.004205 0.945408
0.027058 0.043761 0.000010 0.929171
0.000967 0.024784 0.006437 0.967813
0.008024 0.003107 0.982946 0.005923
0.030566 0.002270 0.967154 0.000010
0.000010 0.000010 0.990929 0.009051
0.000010 0.018033 0.981947 0.000010
0.004558 0.008615 0.986817 0.000010
0.000010 0.006323 0.989606 0.004061
0.000010 0.000010 0.985281 0.014699
0.002862 0.012183 0.984946 0.000010
0.000010 0.000010 0.997443 0.002537
0.009618 0.000010 0.990362 0.000010
0.000010 0.000010 0.999970 0.000010
0.002779 0.022046 0.968961 0.006215
0.000010 0.000010 0.996493 0.003487
0.000010 0.006913 0.992945 0.000132
0.000010 0.024331 0.975649 0.000010
0.000010 0.000010 0.999970 0.000010
0.000010 0.007085 0.992895 0.000010
0.000010 0.020240 0.979740 0.000010
0.002130 0.002188 0.980921 0.014760
0.008452 0.000010 0.983218 0.008320
0.002091 0.000010 0.997889 0.000010
0.000010 0.008019 0.991961 0.000010
0.002355 0.001225 0.991291 0.005129
0.000010 0.000010 0.996990 0.002990
0.000010 0.017278 0.982612 0.000100
0.008855 0.004064 0.987072 0.000010
0.000010 0.007312 0.992668 0.000010
0.000010 0.000010 0.999970 0.000010
0.003193 0.000010 0.996419 0.000379
0.000010 0.008788 0.991192 0.000010
0.000010 0.015006 0.984101 0.000883
0.000010 0.018144 0.981836 0.000010
0.000010 0.000010 0.996336 0.003644
0.000010 0.006994 0.992986 0.000010
0.000010 0.000010 0.993636 0.006344
0.006733 0.000010 0.986560 0.006698
0.000010 0.020354 0.979626 0.000010
0.004516 0.000010 0.995153 0.000321
0.000010 0.021398 0.978582 0.000010
0.011665 0.000881 0.987444 0.000010
0.000010 0.011959 0.988021 0.000010
0.000010 0.018188 0.981792 0.000010
0.000010 0.013452 0.983586 0.002952
0.001979 0.000010 0.990213 0.007798
0.000010 0.000010 0.996722 0.003258
0.000010 0.000010 0.987505 0.012475
0.003144 0.000010 0.996836 0.000010
0.003045 0.000010 0.996935 0.000010
0.001113 0.000010 0.998867 0.000010
0.000010 0.000010 0.988907 0.011073
0.005342 0.000010 0.987702 0.006946
0.000010 0.015597 0.984383 0.000010
0.000010 0.028048 0.971932 0.000010
0.000010 0.016742 0.975009 0.008239
0.001495 0.031871 0.966624 0.000010
0.000010 0.011684 0.988296 0.000010
0.000482 0.014615 0.984893 0.000010
0.007004 0.002489 0.990498 0.000010
0.000010 0.002007 0.993740 0.004243
0.000010 0.007080 0.986687 0.006223
0.006055 0.000010 0.993925 0.000010
0.007445 0.002988 0.981864 0.007703
0.010077 0.017438 0.972382 0.000103
0.008060 0.009454 0.982476 0.000010
0.001128 0.015835 0.980087 0.002950
0.005065 0.000010 0.989113 0.005812
0.016376 0.005501 0.978112 0.000010
0.003663 0.000010 0.990643 0.005683
0.000010 0.030910 0.969070 0.000010
0.016551 0.003671 0.979768 0.000010
0.000010 0.000010 0.986217 0.013763
0.000010 0.002034 0.987546 0.010410
0.000010 0.012384 0.977026 0.010580
0.000010 0.000010 0.992688 0.007292
0.006611 0.001530 0.991849 0.000010
0.000010 0.016277 0.983703 0.000010
0.010256 0.004902 0.982378 0.002465
0.006596 0.000010 0.984334 0.009060
0.000010 0.014084 0.983603 0.002303
0.016073 0.000014 0.981464 0.002449
0.003669 0.020771 0.975550 0.000010
0.000010 0.015915 0.984065 0.000010
0.000010 0.000010 0.985922 0.014058
0.009255 0.000010 0.990725 0.000010
0.000010 0.006494 0.993486 0.000010
0.008288 0.000010 0.982729 0.008973
0.012264 0.000010 0.987716 0.000010
0.015758 0.001166 0.983066 0.000010
0.003263 0.000010 0.989557 0.007169
0.006580 0.000010 0.993400 0.000010
0.000010 0.015037 0.984943 0.000010
0.000010 0.019818 0.980162 0.000010
0.004791 0.019686 0.975513 0.000010
0.000010 0.016864 0.983116 0.000010
0.000010 0.044456 0.955524 0.000010
0.011912 0.022354 0.965724 0.000010
0.005750 0.018135 0.972181 0.003934
0.000010 0.021941 0.976592 0.001457
0.000010 0.012178 0.986497 0.001316
0.000017 0.000010 0.993872 0.006101
0.000010 0.005749 0.989222 0.005019
0.000010 0.014615 0.983742 0.001633
0.000010 0.011425 0.988555 0.000010
0.012469 0.011207 0.976315 0.000010
0.006134 0.000010 0.993846 0.000010
0.001595 0.011051 0.987344 0.000010
0.007188 0.000010 0.992792 0.000010
0.003207 0.007965 0.979428 0.009400
0.006584 0.000010 0.993396 0.000010
0.000010 0.026774 0.973018 0.000198
0.004269 0.001622 0.994099 0.000010
0.001926 0.000010 0.989625 0.008439
0.000390 0.008061 0.991539 0.000010
0.000010 0.024202 0.975778 0.000010
0.013387 0.000010 0.986593 0.000010
0.004403 0.012592 0.982995 0.000010
0.000010 0.000010 0.984889 0.015091
0.005670 0.008367 0.985953 0.000010
0.000010 0.005878 0.992592 0.001520
0.000010 0.016286 0.983694 0.000010
0.000010 0.007982 0.991998 0.000010
0.000010 0.011009 0.988971 0.000010
0.002423 0.011085 0.986482 0.000010
0.000010 0.017039 0.982941 0.000010
0.000010 0.015870 0.984110 0.000010
0.000010 0.011248 0.988732 0.000010
0.000010 0.000010 0.990260 0.009720
0.006053 0.009508 0.984429 0.000010
0.000010 0.012382 0.974364 0.013245
0.003533 0.003758 0.987753 0.004955
0.000010 0.009883 0.990097 0.000010
0.009092 0.014416 0.976483 0.000010
0.000010 0.002145 0.997835 0.000010
0.000010 0.000010 0.999970 0.000010
0.000010 0.007595 0.992385 0.000010
0.000010 0.016441 0.983539 0.000010
0.000010 0.001501 0.998479 0.000010
0.002591 0.009246 0.988153 0.000010
0.000010 0.000010 0.999970 0.000010
0.000010 0.000010 0.992170 0.007810
0.000010 0.001248 0.992442 0.006300
0.002028 0.000010 0.997952 0.000010
0.000010 0.010930 0.975576 0.013484
0.000010 0.000702 0.992099 0.007189
0.000010 0.000010 0.993351 0.006629
0.000010 0.013513 0.986467 0.000010
0.010238 0.004373 0.985378 0.000010
0.000971 0.000010 0.989130 0.009890
0.000010 0.022263 0.977717 0.000010
0.000010 0.018526 0.981454 0.000010
0.000010 0.000010 0.997465 0.002515
0.000010 0.000010 0.993222 0.006758
0.006350 0.009298 0.977990 0.006363
0.003290 0.000010 0.996690 0.000010
0.000010 0.005509 0.991745 0.002736
0.013264 0.001374 0.985352 0.000010
0.008939 0.000010 0.991041 0.000010
0.000010 0.013439 0.980375 0.006176
0.000010 0.000010 0.992556 0.007424
0.003684 0.001554 0.994752 0.000010
0.009928 0.000010 0.990052 0.000010
0.000010 0.020501 0.979479 0.000010
0.008445 0.005827 0.985717 0.000010
0.011613 0.000010 0.988367 0.000010
0.011789 0.003968 0.984233 0.000010
0.034021 0.785247 0.056731 0.124001
0.023229 0.772785 0.056532 0.147454
0.044986 0.809784 0.053256 0.091973
0.035499 0.738887 0.068848 0.156765
0.137442 0.433392 0.060176 0.368989
0.170808 0.444882 0.047993 0.336318
0.022203 0.749943 0.085070 0.142783
0.215777 0.378141 0.044270 0.361812
0.091221 0.689771 0.071462 0.147546
0.110863 0.576549 0.059351 0.253237
0.008811 0.893165 0.052934 0.045091
0.196620 0.435293 0.057486 0.310601
0.209932 0.416235 0.054020 0.319813
0.129177 0.616649 0.047177 0.206997
0.073150 0.707220 0.061244 0.158386
0.063754 0.625885 0.065940 0.244421
0.014506 0.925391 0.022550 0.037552
0.011403 0.844110 0.028548 0.115939
0.054332 0.760053 0.048511 0.137103
0.000010 0.941333 0.044562 0.014095
0.000010 0.938605 0.021637 0.039748
0.000010 0.849248 0.084482 0.066260
0.017490 0.784996 0.075579 0.121935
0.039846 0.802887 0.054160 0.103108
0.077230 0.773372 0.036438 0.112960
0.065031 0.808769 0.037047 0.089153
0.008730 0.913695 0.035039 0.042536
0.000010 0.949641 0.021849 0.028500
0.000010 0.940775 0.025282 0.033933
0.027984 0.746969 0.068094 0.156952
0.000010 0.999970 0.000010 0.000010
0.059709 0.646641 0.069657 0.223993
0.000010 0.997644 0.002336 0.000010
0.035947 0.767368 0.065318 0.131367
0.000010 0.857344 0.035285 0.107361
0.009779 0.861247 0.019819 0.109154
0.022522 0.838405 0.018926 0.120147
0.000010 0.999970 0.000010 0.000010
0.208604 0.396752 0.046303 0.348341
0.028336 0.774534 0.061187 0.135943
0.009636 0.821955 0.057787 0.110622
0.126678 0.542331 0.070302 0.260689
0.000010 0.991176 0.008804 0.000010
0.006659 0.898225 0.049233 0.045883
0.000010 0.999970 0.000010 0.000010
0.067765 0.769209 0.030488 0.132538
0.081588 0.637528 0.067937 0.212947
0.048533 0.733081 0.054273 0.164112
0.000010 0.877615 0.041148 0.081227
0.117548 0.665176 0.051480 0.165797
0.041553 0.690150 0.055228 0.213069
0.045428 0.785876 0.043714 0.124982
0.034352 0.768669 0.048919 0.148061
0.046018 0.747150 0.068841 0.137990
0.019135 0.850750 0.037946 0.092170
0.000190 0.950738 0.000010 0.049062
0.036341 0.732979 0.078664 0.152016
0.055463 0.737962 0.041516 0.165060
0.014307 0.850360 0.051491 0.083842
0.023091 0.758836 0.029869 0.188204
0.031544 0.777412 0.035902 0.155143
0.052749 0.758698 0.053916 0.134637
0.038309 0.799427 0.021452 0.140812
0.038780 0.826682 0.029774 0.104764
0.026916 0.792318 0.059770 0.120996
0.035739 0.807132 0.019177 0.137953
0.023668 0.860632 0.027863 0.087837
0.074445 0.680636 0.031504 0.213414
0.038192 0.818426 0.035618 0.107764
0.020423 0.824052 0.062063 0.093462
0.006005 0.843810 0.043394 0.106791
0.000010 0.909208 0.031701 0.059081
0.009925 0.860588 0.035740 0.093747
0.004622 0.873296 0.029761 0.092321
0.003497 0.887623 0.023315 0.085564
0.026026 0.757764 0.052235 0.163975
0.005068 0.848886 0.025866 0.120181
0.045024 0.800002 0.049364 0.105609
0.049344 0.702659 0.099619 0.148379
0.009568 0.826741 0.045035 0.118655
0.038007 0.770397 0.058607 0.132989
0.026972 0.703785 0.078488 0.190755
0.004766 0.870928 0.039724 0.084582
0.033179 0.844023 0.054117 0.068681
0.044623 0.786352 0.042283 0.126742
0.000010 0.967161 0.026700 0.006130
0.000010 0.922555 0.030695 0.046740
0.000010 0.986206 0.013774 0.000010
0.037493 0.743752 0.067667 0.151088
0.041569 0.731048 0.079492 0.147891
0.001532 0.885156 0.029517 0.083794
0.025271 0.680044 0.182290 0.112395
0.002699 0.841153 0.034771 0.121376
0.053087 0.756005 0.033369 0.157539
0.033129 0.827260 0.031056 0.108554
0.006540 0.821803 0.055293 0.116364
0.073555 0.700495 0.043796 0.182154
0.022892 0.802378 0.039037 0.135693
0.011026 0.795299 0.066641 0.127035
0.027896 0.798726 0.062654 0.110724
0.002740 0.893765 0.039344 0.064151
0.043543 0.726363 0.049925 0.180169
0.040003 0.844468 0.066429 0.049100
0.010277 0.820455 0.060301 0.108967
0.009459 0.880334 0.039262 0.070945
0.027898 0.798633 0.043912 0.129558
0.000010 0.921411 0.011028 0.067551
0.039259 0.753950 0.051831 0.154960
0.009962 0.889431 0.011042 0.089565
0.003648 0.935646 0.000405 0.060300
0.027843 0.779624 0.029032 0.163501
0.080540 0.633146 0.048507 0.237807
0.014653 0.857433 0.020329 0.107585
0.048763 0.793565 0.027618 0.130055
0.023053 0.852651 0.013901 0.110395
0.039240 0.824718 0.021879 0.114163
0.008719 0.900390 0.000010 0.090881
0.032531 0.856602 0.029050 0.081818
0.000010 0.917061 0.000010 0.082919
0.046787 0.708569 0.073162 0.171482
0.029009 0.765058 0.085109 0.120824
0.014456 0.872798 0.028424 0.084322
0.015124 0.866660 0.012988 0.105228
0.027460 0.800641 0.075186 0.096713
0.000010 0.999970 0.000010 0.000010
0.023643 0.740066 0.052588 0.183703
0.009381 0.925232 0.017645 0.047742
0.000010 0.993480 0.006500 0.000010
0.046309 0.758915 0.048589 0.146187
0.035494 0.780870 0.062864 0.120771
0.064155 0.783812 0.046593 0.105440
0.050992 0.828832 0.043904 0.076272
0.008930 0.781942 0.104870 0.104258
0.060657 0.682997 0.052847 0.203499
0.028543 0.868778 0.034787 0.067891
0.049669 0.705932 0.075722 0.168677
0.004820 0.956531 0.007428 0.031221
0.000010 0.925715 0.052690 0.021584
0.003560 0.799440 0.115693 0.081307
0.000010 0.976406 0.000010 0.023574
0.022786 0.702382 0.067327 0.207505
0.088844 0.699272 0.048226 0.163658
0.172976 0.479477 0.058830 0.288716
0.195017 0.410408 0.051442 0.343134
0.006411 0.833710 0.040573 0.119306
0.134511 0.556067 0.050684 0.258738
0.029042 0.718064 0.093633 0.159261
0.187253 0.487304 0.049213 0.276230
0.007684 0.808188 0.074738 0.109389
0.000010 0.907075 0.025331 0.067584
0.006108 0.857679 0.033873 0.102340
0.035883 0.746180 0.057002 0.160935
0.014174 0.795746 0.057557 0.132522
0.025154 0.809074 0.042209 0.123563
0.000901 0.875125 0.065577 0.058396
0.000010 0.999970 0.000010 0.000010
0.048716 0.695145 0.145807 0.110332
0.147473 0.605520 0.064194 0.182813
0.000010 0.950571 0.000010 0.049409
0.078282 0.646911 0.066382 0.208425
0.049573 0.762247 0.039365 0.148815
0.026429 0.778061 0.062492 0.133017
0.057814 0.664002 0.073794 0.204389
0.071772 0.692392 0.071118 0.164718
0.022240 0.762237 0.070323 0.145200
0.021068 0.833075 0.023323 0.122534
0.009231 0.925517 0.006608 0.058644
0.000010 0.933316 0.009759 0.056915
0.002349 0.962454 0.011338 0.023858
0.002628 0.871333 0.020923 0.105116
0.000010 0.980514 0.000010 0.019466
0.049803 0.731012 0.050684 0.168502
0.000010 0.902372 0.025178 0.072440
0.033662 0.803747 0.022043 0.140548
0.003198 0.858022 0.033699 0.105081
0.195997 0.456740 0.051890 0.295373
0.051885 0.734307 0.065698 0.148109
0.000010 0.760690 0.149538 0.089762
0.070471 0.695344 0.034555 0.199630
0.017592 0.748003 0.087176 0.147228
0.122970 0.540227 0.055336 0.281467
0.041345 0.871056 0.055338 0.032260
0.029785 0.720212 0.119794 0.130209
0.251353 0.273652 0.000010 0.474985
0.231820 0.259023 0.000128 0.509029
0.226614 0.221646 0.001627 0.550113
0.202519 0.319882 0.000010 0.477589
0.244299 0.230970 0.000010 0.524721
0.209533 0.206901 0.059357 0.524209
0.246373 0.225304 0.000010 0.528313
0.238382 0.301786 0.000010 0.459823
0.260260 0.190665 0.000010 0.549066
0.282221 0.191813 0.000010 0.525956
0.220742 0.276004 0.000767 0.502486
0.235863 0.267358 0.000010 0.496769
0.240818 0.237069 0.000010 0.522103
0.300289 0.199085 0.000010 0.500616
0.262048 0.232966 0.000010 0.504976
0.246252 0.247986 0.004080 0.501683
0.277881 0.219928 0.000010 0.502181
0.240239 0.278500 0.007010 0.474251
0.231703 0.251964 0.009773 0.506560
0.266699 0.217383 0.000010 0.515908
0.285713 0.197440 0.000010 0.516838
0.246334 0.235062 0.000010 0.518594
0.173070 0.294397 0.000010 0.532523
0.241696 0.218923 0.000010 0.539371
0.227875 0.255198 0.004997 0.511930
0.255173 0.260646 0.010519 0.473662
0.238664 0.228554 0.000010 0.532772
0.256224 0.210068 0.000010 0.533698
0.208398 0.290212 0.000010 0.501379
0.219887 0.270513 0.001579 0.508022
0.255238 0.231037 0.000010 0.513715
0.244185 0.279329 0.013404 0.463082
0.246153 0.243795 0.004242 0.505810
0.257375 0.228705 0.000300 0.513620
0.272664 0.216401 0.000010 0.510925
0.237521 0.240470 0.000010 0.522000
0.254327 0.236760 0.000010 0.508903
0.243992 0.239998 0.009256 0.506753
0.258944 0.208056 0.000010 0.532991
0.244934 0.238106 0.000010 0.516950
0.232199 0.242910 0.001598 0.523293
0.253553 0.226915 0.000010 0.519522
0.251320 0.239669 0.000010 0.509000
0.263020 0.250417 0.000010 0.486553
0.229937 0.257066 0.000010 0.512987
0.225647 0.239854 0.000010 0.534488
0.253627 0.253197 0.000010 0.493166
0.267057 0.233755 0.002279 0.496909
0.239999 0.247534 0.000010 0.512457
0.224170 0.233745 0.000010 0.542075
0.273247 0.179013 0.000010 0.547730
0.331178 0.189211 0.000010 0.479601
0.241070 0.234943 0.009417 0.514570
0.209634 0.281258 0.000775 0.508333
0.238486 0.208239 0.000010 0.553265
0.232491 0.193455 0.000010 0.574044
0.239599 0.230577 0.005978 0.523846
0.319386 0.192977 0.000010 0.487627
0.252867 0.188081 0.000010 0.559043
0.230843 0.242667 0.022795 0.503695
0.244755 0.259390 0.000010 0.495845
0.242186 0.294478 0.009288 0.454047
0.248397 0.216722 0.000010 0.534871
0.264564 0.216495 0.005568 0.513374
0.251370 0.272231 0.000010 0.476389
0.257720 0.253727 0.000010 0.488543
0.186823 0.265233 0.000010 0.547933
0.290773 0.170473 0.000010 0.538744
0.269500 0.261175 0.000010 0.469315
0.244535 0.267044 0.000010 0.488410
0.253695 0.270488 0.000010 0.475808
0.181975 0.303001 0.000010 0.515014
0.202838 0.306793 0.011944 0.478425
0.252786 0.236851 0.002129 0.508235
0.317641 0.172841 0.000010 0.509508
0.259592 0.240766 0.000010 0.499632
0.275694 0.187000 0.000010 0.537296
0.239186 0.222589 0.000010 0.538215
0.238763 0.225560 0.000010 0.535667
0.243444 0.279962 0.000010 0.476584
0.266043 0.253682 0.000010 0.480264
0.264489 0.213783 0.000010 0.521718
0.271129 0.209849 0.007388 0.511634
0.250989 0.244617 0.000010 0.504384
0.253783 0.221574 0.000010 0.524633
0.260591 0.216287 0.000010 0.523112
0.259412 0.244890 0.000010 0.495688
0.256604 0.200784 0.000010 0.542602
0.280880 0.240099 0.000010 0.479011
0.251950 0.214545 0.000010 0.533495
0.246949 0.235224 0.000010 0.517817
0.207025 0.264105 0.017128 0.511742
0.222713 0.233042 0.001317 0.542928
0.235599 0.196768 0.051446 0.516187
0.285246 0.189728 0.000010 0.525016
0.232311 0.273078 0.000010 0.494600
0.229690 0.231569 0.018638 0.520103
0.251416 0.222163 0.000385 0.526036
0.265340 0.180991 0.000010 0.553659
0.269724 0.221304 0.001050 0.507923
0.275462 0.217745 0.000010 0.506783
0.214340 0.245470 0.000010 0.540180
0.228803 0.242959 0.008348 0.519889
0.248031 0.243265 0.003522 0.505181
0.204458 0.247120 0.021622 0.526800
0.245096 0.232726 0.000010 0.522167
0.242321 0.241395 0.006907 0.509377
0.234443 0.240928 0.002769 0.521860
0.257780 0.237355 0.000010 0.504855
0.191389 0.334319 0.000010 0.474281
