0.001835 0.036919 0.961246
0.000010 0.068266 0.931724
0.011859 0.068306 0.919836
0.001572 0.068144 0.930283
0.065407 0.095362 0.839231
0.003657 0.097872 0.898471
0.000010 0.111946 0.888044
0.071788 0.089599 0.838613
0.000010 0.072198 0.927792
0.002819 0.083164 0.914017
0.008915 0.066538 0.924547
0.001773 0.083195 0.915032
0.001389 0.100129 0.898482
0.000010 0.076512 0.923478
0.006825 0.071848 0.921327
0.098148 0.085502 0.816350
0.001734 0.067795 0.930471
0.005297 0.080802 0.913900
0.000010 0.098631 0.901359
0.006078 0.072004 0.921918
0.002598 0.089311 0.908090
0.000938 0.091299 0.907762
0.002570 0.088207 0.909223
0.010816 0.061503 0.927681
0.003117 0.107551 0.889333
0.012564 0.057089 0.930347
0.002913 0.083928 0.913160
0.005642 0.084191 0.910167
0.014951 0.062274 0.922774
0.056642 0.106599 0.836759
0.024557 0.064522 0.910921
0.010352 0.109153 0.880494
0.026704 0.097849 0.875446
0.006728 0.119469 0.873804
0.001513 0.070274 0.928214
0.055995 0.071000 0.873005
0.000010 0.084848 0.915142
0.000248 0.092032 0.907720
0.007927 0.074154 0.917919
0.001916 0.061853 0.936231
0.017011 0.090272 0.892717
0.005739 0.074354 0.919907
0.000010 0.066085 0.933905
0.010171 0.078121 0.911709
0.005645 0.077420 0.916935
0.004332 0.087450 0.908218
0.009652 0.104937 0.885411
0.037193 0.097945 0.864863
0.006468 0.089341 0.904191
0.003019 0.082848 0.914133
0.061564 0.079638 0.858798
0.016489 0.096313 0.887197
0.003882 0.089915 0.906203
0.000010 0.057338 0.942652
0.004175 0.082513 0.913312
0.000779 0.086283 0.912938
0.000358 0.085491 0.914151
0.000684 0.059762 0.939555
0.001088 0.062028 0.936884
0.004996 0.069811 0.925192
0.079080 0.083024 0.837896
0.119779 0.080117 0.800105
0.006748 0.088034 0.905218
0.003254 0.088157 0.908589
0.009515 0.094465 0.896020
0.002556 0.071906 0.925538
0.023418 0.078117 0.898465
0.007373 0.074494 0.918133
0.004384 0.088379 0.907237
0.000010 0.079323 0.920667
0.064959 0.070393 0.864648
0.011151 0.066660 0.922190
0.001566 0.067282 0.931152
0.063529 0.073968 0.862503
0.011480 0.086600 0.901921
0.003130 0.076005 0.920865
0.007338 0.079460 0.913202
0.002779 0.086019 0.911202
0.004326 0.081691 0.913983
0.004382 0.101159 0.894458
0.071702 0.057338 0.870960
0.000010 0.092798 0.907192
0.000010 0.077374 0.922616
0.000010 0.065920 0.934070
0.086842 0.088415 0.824743
0.054974 0.065997 0.879029
0.002539 0.085627 0.911834
0.053520 0.075566 0.870913
0.014414 0.096620 0.888966
0.014756 0.050086 0.935158
0.005773 0.085540 0.908687
0.052236 0.075479 0.872285
0.004493 0.061594 0.933914
0.000010 0.081428 0.918562
0.025628 0.105242 0.869131
0.003025 0.000010 0.996965
0.000010 0.000010 0.999980
0.009045 0.004217 0.986738
0.002802 0.017391 0.979807
0.002240 0.006258 0.991502
0.004498 0.001142 0.994360
0.000010 0.000010 0.999980
0.007060 0.003671 0.989269
0.000435 0.008312 0.991253
0.002472 0.000010 0.997518
0.003610 0.014672 0.981719
0.000010 0.000010 0.999980
0.000010 0.002198 0.997792
0.000010 0.000010 0.999980
0.000010 0.000010 0.999980
0.005480 0.000010 0.994510
0.003981 0.003878 0.992140
0.000010 0.033458 0.966532
0.000010 0.039306 0.960684
0.000010 0.035943 0.964047
0.000010 0.000010 0.999980
0.000010 0.000010 0.999980
0.002236 0.013873 0.983892
0.000010 0.000010 0.999980
0.000010 0.011963 0.988027
0.007037 0.005655 0.987308
0.002709 0.011213 0.986077
0.002304 0.018118 0.979578
0.002669 0.022565 0.974765
0.023111 0.004813 0.972076
0.000010 0.033763 0.966227
0.000010 0.015010 0.984980
0.010378 0.019175 0.970447
0.004391 0.014539 0.981070
0.005180 0.009899 0.984921
0.000010 0.003607 0.996383
0.000010 0.000010 0.999980
0.002930 0.017813 0.979258
0.000010 0.000010 0.999980
0.000010 0.000010 0.999980
0.012495 0.008010 0.979494
0.000010 0.007464 0.992526
0.000010 0.000010 0.999980
0.000010 0.000010 0.999980
0.008398 0.000010 0.991592
0.009874 0.000010 0.990116
0.002845 0.035423 0.961732
0.001449 0.030187 0.968364
0.002711 0.030794 0.966495
0.001581 0.046854 0.951565
0.002493 0.039076 0.958431
0.016403 0.034763 0.948834
0.046959 0.027076 0.925965
0.003212 0.026011 0.970777
0.000010 0.000010 0.999980
0.000010 0.009477 0.990513
0.004435 0.019787 0.975778
0.000010 0.000010 0.999980
0.000010 0.002362 0.997628
0.000991 0.000010 0.998999
0.000010 0.000010 0.999980
0.013408 0.025142 0.961449
0.000010 0.015170 0.984820
0.006011 0.023530 0.970459
0.002362 0.029203 0.968435
0.004815 0.004203 0.990982
0.005488 0.021376 0.973135
0.001715 0.000010 0.998275
0.003107 0.001769 0.995125
0.008191 0.013732 0.978077
0.020321 0.000453 0.979226
0.003089 0.008951 0.987960
0.000010 0.000010 0.999980
0.009399 0.000010 0.990591
0.006616 0.000010 0.993374
0.013389 0.000010 0.986601
0.005169 0.001888 0.992942
0.000010 0.000010 0.999980
0.000010 0.043810 0.956180
0.000010 0.030879 0.969111
0.000010 0.000010 0.999980
0.008548 0.009717 0.981735
0.000010 0.000010 0.999980
0.057096 0.000010 0.942894
0.000010 0.010264 0.989726
0.000010 0.025508 0.974482
0.000278 0.022298 0.977425
0.000010 0.007837 0.992153
0.005973 0.027650 0.966377
0.015058 0.000010 0.984932
0.005154 0.000010 0.994836
0.008134 0.000010 0.991856
0.002000 0.000010 0.997990
0.000864 0.000010 0.999126
0.023971 0.025930 0.950099
0.003645 0.012512 0.983843
0.004956 0.000010 0.995034
0.004817 0.000010 0.995173
0.000010 0.006881 0.993109
0.000010 0.000010 0.999980
0.001817 0.058420 0.939763
0.003997 0.004168 0.991835
0.000817 0.007370 0.991813
0.000010 0.000010 0.999980
0.000010 0.000010 0.999980
0.001327 0.005799 0.992874
0.000010 0.000010 0.999980
0.015791 0.013165 0.971044
0.035932 0.001839 0.962229
0.007495 0.018634 0.973870
0.006885 0.003974 0.989141
0.001534 0.000790 0.997676
0.000010 0.000010 0.999980
0.008711 0.005395 0.985895
0.000010 0.000010 0.999980
0.003502 0.026743 0.969755
0.004919 0.012877 0.982204
0.003246 0.002963 0.993791
0.001974 0.022953 0.975073
0.000010 0.000010 0.999980
0.001634 0.000010 0.998356
0.002880 0.013664 0.983456
0.000010 0.000010 0.999980
0.000010 0.000010 0.999980
0.001476 0.000010 0.998514
0.000010 0.000010 0.999980
0.000010 0.029900 0.970090
0.000010 0.039399 0.960591
0.000013 0.018179 0.981807
0.004705 0.014174 0.981122
0.000337 0.000010 0.999653
0.003560 0.029605 0.966835
0.000010 0.000010 0.999980
0.013748 0.004077 0.982176
0.001589 0.000010 0.998401
0.000915 0.000010 0.999075
0.016927 0.000010 0.983063
0.006275 0.025740 0.967985
0.001813 0.024828 0.973359
0.000010 0.001877 0.998113
0.003646 0.015956 0.980398
0.000010 0.000010 0.999980
0.000010 0.003716 0.996274
0.000010 0.000010 0.999980
0.000010 0.000010 0.999980
0.000010 0.000010 0.999980
0.003716 0.008113 0.988171
0.000010 0.000010 0.999980
0.005069 0.024289 0.970642
0.008034 0.007928 0.984038
0.001881 0.000010 0.998109
0.000010 0.000010 0.999980
0.000010 0.000010 0.999980
0.003349 0.018233 0.978417
0.000010 0.000010 0.999980
0.023977 0.000416 0.975607
0.036430 0.003496 0.960073
0.001404 0.000010 0.998586
0.000483 0.000010 0.999507
0.000010 0.000010 0.999980
0.002715 0.005594 0.991692
0.004842 0.001867 0.993291
0.000010 0.000010 0.999980
0.011478 0.028448 0.960074
0.005376 0.027904 0.966720
0.001090 0.002691 0.996218
0.000891 0.006363 0.992745
0.000016 0.000010 0.999974
0.001980 0.008608 0.989412
0.003307 0.008593 0.988099
0.000010 0.000010 0.999980
0.000010 0.000010 0.999980
0.000010 0.010836 0.989154
0.000010 0.000010 0.999980
0.008911 0.005018 0.986071
0.017700 0.010727 0.971573
0.000010 0.000010 0.999980
0.006152 0.000010 0.993838
0.002276 0.000233 0.997491
0.000010 0.000010 0.999980
0.006748 0.000010 0.993242
0.003519 0.005169 0.991312
0.000010 0.022028 0.977962
0.000502 0.015822 0.983676
0.000010 0.000010 0.999980
0.000010 0.000010 0.999980
0.005724 0.004605 0.989671
0.000010 0.000010 0.999980
0.005140 0.030276 0.964584
0.018659 0.026630 0.954711
0.004840 0.015139 0.980021
0.054183 0.000010 0.945807
0.000188 0.000010 0.999802
0.004581 0.026856 0.968563
0.000010 0.000010 0.999980
0.014198 0.031190 0.954611
0.003344 0.000010 0.996646
0.000010 0.023788 0.976202
0.000010 0.006402 0.993588
0.000010 0.000010 0.999980
0.004160 0.017086 0.978754
0.000010 0.042545 0.957445
0.007531 0.018476 0.973993
0.984157 0.003461 0.012382
0.967108 0.009906 0.022986
0.992302 0.000010 0.007688
0.983406 0.016584 0.000010
0.987782 0.010421 0.001797
0.990625 0.008151 0.001224
0.986862 0.000010 0.013128
0.985908 0.014082 0.000010
0.998679 0.000010 0.001311
0.991622 0.000010 0.008368
0.999980 0.000010 0.000010
0.970115 0.022570 0.007315
0.998081 0.000010 0.001909
0.994316 0.005674 0.000010
0.977076 0.022914 0.000010
0.999980 0.000010 0.000010
0.994369 0.005621 0.000010
0.981079 0.018911 0.000010
0.981941 0.002473 0.015586
0.984553 0.000010 0.015437
0.999388 0.000590 0.000022
0.993507 0.006483 0.000010
0.992571 0.001466 0.005963
0.998405 0.000010 0.001585
0.983931 0.016059 0.000010
0.986837 0.013153 0.000010
0.994114 0.005876 0.000010
0.999980 0.000010 0.000010
0.997735 0.000010 0.002255
0.992705 0.007285 0.000010
0.985487 0.014503 0.000010
0.983286 0.016704 0.000010
0.997632 0.000010 0.002358
0.994477 0.005513 0.000010
0.995279 0.000010 0.004711
0.987885 0.000010 0.012105
0.980995 0.018995 0.000010
0.996631 0.000010 0.003359
0.979925 0.020065 0.000010
0.987385 0.008932 0.003684
0.989437 0.010553 0.000010
0.983166 0.016824 0.000010
0.984633 0.014569 0.000798
0.991488 0.000010 0.008502
0.998114 0.000010 0.001876
0.989319 0.000010 0.010671
0.998201 0.000010 0.001789
0.998982 0.000010 0.001008
0.999980 0.000010 0.000010
0.990308 0.000010 0.009682
0.988829 0.000010 0.011161
0.985686 0.014304 0.000010
0.973270 0.026720 0.000010
0.975837 0.019706 0.004457
0.967750 0.032240 0.000010
0.989618 0.010372 0.000010
0.986055 0.013935 0.000010
0.991223 0.006368 0.002409
0.994899 0.003206 0.001895
0.987902 0.007246 0.004853
0.995308 0.004089 0.000603
0.983158 0.003586 0.013256
0.973419 0.018779 0.007802
0.983285 0.012292 0.004423
0.981275 0.015810 0.002915
0.990444 0.000010 0.009546
0.979260 0.008111 0.012629
0.991810 0.000010 0.008180
0.970466 0.029524 0.000010
0.980774 0.005266 0.013960
0.987941 0.000010 0.012049
0.988524 0.003750 0.007725
0.978035 0.013367 0.008598
0.993793 0.000010 0.006197
0.993081 0.002370 0.004549
0.985008 0.014982 0.000010
0.983359 0.006241 0.010400
0.985630 0.000010 0.014360
0.984614 0.014719 0.000667
0.982373 0.001943 0.015684
0.976325 0.023665 0.000010
0.985466 0.014524 0.000010
0.987196 0.000663 0.012140
0.992278 0.000010 0.007712
0.994842 0.005148 0.000010
0.984051 0.000010 0.015939
0.988983 0.000010 0.011007
0.983885 0.005053 0.011061
0.990804 0.000010 0.009186
0.995240 0.000010 0.004750
0.986354 0.013636 0.000010
0.981434 0.018556 0.000010
0.976638 0.020614 0.002749
0.984347 0.015643 0.000010
0.956897 0.043093 0.000010
0.966438 0.025980 0.007582
0.973583 0.017510 0.008907
0.977740 0.021644 0.000617
0.987616 0.012374 0.000010
0.995264 0.000010 0.004726
0.990046 0.007909 0.002045
0.984564 0.015426 0.000010
0.989849 0.010141 0.000010
0.977355 0.012557 0.010088
0.996106 0.000010 0.003884
0.988634 0.011356 0.000010
0.993942 0.001814 0.004244
0.980552 0.008595 0.010853
0.995893 0.000010 0.004097
0.974427 0.025563 0.000010
0.995381 0.001845 0.002773
0.990943 0.000010 0.009047
0.992962 0.007028 0.000010
0.977084 0.022906 0.000010
0.987788 0.004021 0.008191
0.983927 0.016063 0.000010
0.986028 0.000010 0.013962
0.986847 0.011095 0.002058
0.993856 0.006134 0.000010
0.985139 0.014851 0.000010
0.993358 0.006632 0.000010
0.990421 0.009569 0.000010
0.987471 0.012519 0.000010
0.984123 0.015867 0.000010
0.985459 0.014531 0.000010
0.990007 0.009983 0.000010
0.991810 0.000010 0.008180
0.984979 0.015011 0.000010
0.975400 0.014328 0.010272
0.989019 0.004246 0.006735
0.991464 0.008526 0.000010
0.977231 0.017835 0.004934
0.999296 0.000694 0.000010
0.999980 0.000010 0.000010
0.993803 0.006187 0.000010
0.984955 0.015035 0.000010
0.999927 0.000063 0.000010
0.988974 0.011016 0.000010
0.999980 0.000010 0.000010
0.993890 0.000010 0.006100
0.993469 0.002898 0.003633
0.999855 0.000010 0.000135
0.976883 0.011306 0.011811
0.993247 0.002191 0.004562
0.994239 0.001775 0.003986
0.987857 0.012133 0.000010
0.986236 0.007864 0.005900
0.990210 0.000026 0.009765
0.978971 0.021019 0.000010
0.982748 0.017242 0.000010
0.999030 0.000010 0.000960
0.994580 0.000552 0.004868
0.978960 0.009969 0.011071
0.998851 0.000010 0.001139
0.992835 0.007155 0.000010
0.986397 0.002596 0.011007
0.993697 0.000010 0.006293
0.981396 0.015146 0.003459
0.994300 0.000010 0.005690
0.995626 0.004364 0.000010
0.993140 0.000010 0.006850
0.980748 0.019242 0.000010
0.986398 0.010370 0.003233
0.989710 0.003584 0.006705
0.985029 0.008652 0.006319
0.056831 0.789864 0.153305
0.056214 0.777577 0.166209
0.053672 0.814656 0.131673
0.068651 0.744148 0.187201
0.060640 0.444868 0.494492
0.048920 0.458630 0.492450
0.084926 0.754329 0.160745
0.045411 0.395599 0.558990
0.072128 0.697652 0.230220
0.059758 0.586386 0.353856
0.052997 0.896744 0.050259
0.058407 0.451922 0.489670
0.054916 0.433911 0.511174
0.047950 0.627494 0.324556
0.061643 0.714516 0.223840
0.065885 0.632824 0.301291
0.022776 0.929070 0.048154
0.028205 0.848366 0.123429
0.048782 0.765843 0.185374
0.044395 0.947781 0.007824
0.021221 0.944602 0.034177
0.084385 0.853752 0.061863
0.075691 0.789116 0.135193
0.054212 0.808021 0.137767
0.036838 0.780915 0.182247
0.037491 0.815056 0.147453
0.034921 0.917825 0.047255
0.021314 0.955027 0.023659
0.025368 0.946782 0.027850
0.068328 0.750819 0.180854
0.000010 0.999980 0.000010
0.069758 0.652674 0.277568
0.002403 0.997587 0.000010
0.065306 0.772544 0.162150
0.034872 0.861719 0.103409
0.019418 0.865832 0.114750
0.018771 0.843068 0.138161
0.000010 0.999980 0.000010
0.047157 0.414571 0.538272
0.061042 0.779243 0.159715
0.057325 0.826233 0.116441
0.070758 0.553696 0.375546
0.009048 0.990942 0.000010
0.049191 0.901767 0.049042
0.000010 0.999980 0.000010
0.030820 0.776086 0.193094
0.068254 0.645273 0.286473
0.054494 0.738616 0.206889
0.040866 0.882321 0.076813
0.052232 0.675396 0.272372
0.055335 0.695060 0.249604
0.043756 0.791649 0.164595
0.048895 0.773667 0.177438
0.069205 0.752357 0.178439
0.037901 0.855464 0.106634
0.000010 0.954550 0.045440
0.078702 0.737894 0.183404
0.041511 0.744397 0.214092
0.051311 0.854680 0.094009
0.029430 0.763719 0.206851
0.035682 0.782689 0.181629
0.054086 0.764902 0.181012
0.021665 0.804267 0.174068
0.029847 0.831717 0.138436
0.059588 0.797117 0.143295
0.019253 0.811989 0.168758
0.027712 0.865474 0.106814
0.031806 0.687791 0.280404
0.035639 0.823629 0.140732
0.062048 0.828150 0.109803
0.043093 0.847227 0.109679
0.031108 0.916758 0.052133
0.035006 0.867436 0.097558
0.028732 0.879912 0.091356
0.022283 0.894969 0.082747
0.051831 0.763189 0.184981
0.024837 0.856421 0.118743
0.049467 0.805615 0.144918
0.099751 0.708442 0.191807
0.044834 0.830283 0.124883
0.058392 0.776340 0.165268
0.078420 0.707701 0.213879
0.039093 0.876394 0.084514
0.054348 0.848468 0.097185
0.042451 0.791663 0.165886
0.026673 0.973059 0.000268
0.030183 0.930889 0.038928
0.014104 0.985886 0.000010
0.067666 0.748844 0.183490
0.079472 0.736456 0.184072
0.028907 0.890072 0.081021
0.182533 0.683837 0.133630
0.034546 0.845262 0.120192
0.033451 0.762000 0.204548
0.030866 0.832642 0.136492
0.054936 0.825962 0.119102
0.043999 0.708031 0.247970
0.038680 0.807358 0.153962
0.066268 0.799514 0.134218
0.062718 0.803067 0.134214
0.038826 0.898228 0.062946
0.049834 0.731652 0.218514
0.066643 0.849556 0.083801
0.060267 0.823715 0.116018
0.038821 0.885711 0.075468
0.043604 0.803900 0.152496
0.010728 0.928258 0.061014
0.051868 0.759070 0.189061
0.011029 0.892904 0.096067
0.000010 0.940001 0.059989
0.028834 0.784447 0.186719
0.048762 0.640786 0.310452
0.019827 0.862426 0.117747
0.027826 0.799114 0.173060
0.013751 0.857483 0.128766
0.022011 0.829932 0.148057
0.000010 0.906479 0.093511
0.029301 0.860895 0.109803
0.000010 0.921565 0.078425
0.073439 0.713872 0.212689
0.085001 0.769876 0.145123
0.028270 0.877267 0.094463
0.012694 0.871397 0.115909
0.075028 0.805506 0.119466
0.000010 0.999980 0.000010
0.052389 0.744591 0.203020
0.017949 0.928936 0.053115
0.007194 0.992796 0.000010
0.048799 0.764319 0.186882
0.062978 0.785796 0.151226
0.046996 0.790313 0.162691
0.044456 0.833799 0.121745
0.104815 0.786122 0.109063
0.053023 0.689102 0.257875
0.034787 0.873338 0.091875
0.075894 0.711859 0.212247
0.007086 0.962283 0.030631
0.052639 0.930591 0.016770
0.115449 0.802963 0.081588
0.000010 0.981792 0.018198
0.067861 0.705647 0.226492
0.048697 0.707492 0.243811
0.059543 0.494625 0.445833
0.052405 0.426573 0.521022
0.040189 0.838181 0.121631
0.051450 0.567105 0.381445
0.093511 0.722624 0.183865
0.050119 0.503291 0.446591
0.074519 0.812407 0.113074
0.024906 0.911315 0.063779
0.033676 0.861668 0.104656
0.057015 0.750886 0.192099
0.057101 0.800495 0.142404
0.042076 0.813744 0.144180
0.065129 0.879745 0.055126
0.000010 0.999980 0.000010
0.146027 0.701028 0.152945
0.064946 0.618633 0.316421
0.000010 0.955946 0.044044
0.066617 0.654629 0.278754
0.039557 0.768180 0.192263
0.062430 0.782797 0.154773
0.073780 0.670430 0.255790
0.071572 0.699131 0.229297
0.069940 0.767677 0.162383
0.022813 0.838625 0.138562
0.005914 0.931587 0.062499
0.009098 0.939734 0.051168
0.011003 0.967153 0.021844
0.019995 0.877698 0.102307
0.000010 0.985664 0.014326
0.050891 0.736586 0.212523
0.024772 0.908393 0.066835
0.022078 0.808394 0.169528
0.032988 0.863635 0.103377
0.052812 0.473433 0.473755
0.066068 0.739657 0.194275
0.149254 0.764960 0.085786
0.034744 0.702467 0.262789
0.086961 0.752382 0.160657
0.056114 0.549986 0.393900
0.055952 0.874448 0.069599
0.119850 0.724531 0.155619
0.001002 0.293762 0.705237
0.000742 0.278409 0.720849
0.002320 0.240259 0.757421
0.000010 0.337288 0.662702
0.000010 0.252482 0.747508
0.061175 0.221303 0.717522
0.000010 0.246631 0.753359
0.000010 0.322792 0.677198
0.000010 0.213700 0.786290
0.000010 0.217174 0.782816
0.001404 0.294119 0.704477
0.000010 0.287798 0.712192
0.000010 0.258351 0.741639
0.000010 0.226192 0.773798
0.000010 0.256519 0.743471
0.004951 0.268009 0.727040
0.000010 0.245050 0.754940
0.007875 0.298487 0.693638
0.010764 0.270563 0.718673
0.000010 0.241682 0.758308
0.000391 0.223262 0.776347
0.000010 0.256507 0.743483
0.000010 0.308780 0.691210
0.000010 0.240106 0.759884
0.005767 0.273518 0.720715
0.011644 0.281036 0.707321
0.000010 0.249253 0.750737
0.000010 0.232167 0.767823
0.000409 0.307285 0.692306
0.002362 0.288181 0.709457
0.000010 0.253754 0.746236
0.014398 0.299159 0.686443
0.005137 0.263922 0.730940
0.001123 0.249590 0.749288
0.000010 0.240332 0.759658
0.000308 0.260734 0.738957
0.000010 0.259055 0.740935
0.010097 0.259567 0.730336
0.000010 0.230113 0.769877
0.000010 0.259617 0.740373
0.002439 0.261576 0.735985
0.000010 0.249379 0.750611
0.000010 0.261718 0.738272
0.000010 0.274082 0.725908
0.000010 0.277350 0.722640
0.000010 0.259771 0.740219
0.000010 0.275163 0.724827
0.003277 0.255751 0.740972
0.000010 0.268546 0.731444
0.000010 0.252718 0.747272
0.000010 0.202402 0.797588
0.000010 0.219464 0.780526
0.010685 0.253955 0.735359
0.001270 0.299371 0.699359
0.000010 0.228225 0.771765
0.000010 0.213074 0.786916
0.006764 0.250069 0.743167
0.000010 0.223689 0.776301
0.000010 0.211039 0.788951
0.023812 0.260881 0.715306
0.000010 0.281111 0.718879
0.010270 0.314549 0.675182
0.000010 0.237959 0.762031
0.006562 0.237661 0.755776
0.000010 0.295056 0.704934
0.000010 0.277528 0.722462
0.000010 0.280683 0.719307
0.000010 0.196314 0.803676
0.000010 0.284821 0.715169
0.000010 0.288662 0.711328
0.000010 0.293190 0.706800
0.000010 0.318348 0.681642
0.012873 0.322746 0.664381
0.002876 0.258017 0.739108
0.000010 0.201861 0.798129
0.000010 0.263266 0.736724
0.000010 0.211347 0.788643
0.000010 0.243386 0.756604
0.000010 0.246584 0.753406
0.000010 0.301575 0.698415
0.000010 0.278222 0.721768
0.000010 0.237371 0.762619
0.008234 0.232715 0.759051
0.000010 0.267708 0.732282
0.000010 0.243314 0.756676
0.000010 0.239695 0.760295
0.000010 0.268214 0.731776
0.000010 0.223274 0.776716
0.000384 0.265213 0.734404
0.000010 0.237085 0.762905
0.000010 0.256182 0.743808
0.018754 0.279085 0.702161
0.001948 0.251029 0.747023
0.052896 0.214356 0.732748
0.000010 0.216145 0.783845
0.000010 0.293190 0.706800
0.019970 0.249374 0.730656
0.001476 0.242276 0.756248
0.000010 0.204428 0.795562
0.001809 0.243946 0.754244
0.000010 0.242414 0.757576
0.000010 0.263130 0.736860
0.009581 0.260891 0.729528
0.004619 0.262982 0.732399
0.022511 0.262735 0.714754
0.000010 0.253847 0.746143
0.007938 0.260427 0.731635
0.003880 0.259095 0.737026
0.000010 0.260425 0.739565
0.000482 0.350042 0.649476
